00000000000000000000000000000000
00000000000000000000000000000000
00000000000000000000000000000000
0000T000000000000000000000000000
00000000000000000000000000000000
00000000000000000000000000000000
00000000000000000000T00000000000
00000000000000000000000000000000
00000000000000000000000000000000
00000000000000000000000000000000
00000000000000000000000000000000
00000000000000000000000000000000
00000000000T00000000000000000000
00000000000000000000000000000000
00000000000000000000000000000000
00000000000000000000000000000000
000000000000000000000000T0000000
0000T000000000000000000000000000
00000000000000000000000000000000
00000000000000000000000000000000
00000000000000000000000000000000
00000000000000000000000000000000
0000000000000000TTT0000000000000
00000000000000000T00000000000000
00000000000000000000000000000000
00000000000000000000000000000000
00000000000000000000000000000000
0000T000000000000000000000000000
00000000000000000000000000000000
00000000000000000000000000000000
00000000000000000000000000000000
00000000000000000000000000000000